72
0 0 0 0
0 799 0 799
599 0 599 0
599 799 599 799
84 314 149 328
84 360 147 366
87 408 147 401
92 456 150 437
101 503 159 474
119 548 175 509
149 583 200 539
185 608 230 565
231 617 271 575
283 610 317 571
338 589 362 552
391 565 402 526
433 527 433 493
462 483 451 454
477 433 458 412
483 379 461 371
489 325 463 328
107 262 159 301
124 240 170 280
153 235 193 270
183 242 220 270
213 254 245 278
277 260 301 278
313 247 332 269
351 242 365 269
387 251 395 279
415 275 417 301
241 300 272 314
237 328 270 346
233 355 268 378
229 384 265 411
203 419 237 416
217 424 251 425
232 428 269 434
251 426 290 425
271 422 309 417
141 302 189 321
159 292 204 312
182 293 223 311
198 310 240 322
179 313 222 324
157 311 204 324
308 313 322 323
329 299 341 312
353 298 361 313
373 310 378 322
353 318 360 325
330 317 342 325
177 503 213 457
196 484 234 454
217 472 255 454
231 477 274 457
246 474 293 454
273 489 322 454
302 510 354 457
273 525 324 481
246 530 295 490
230 529 274 491
214 526 254 489
194 517 233 478
190 500 224 460
217 489 255 465
232 491 274 467
247 491 294 464
289 506 345 459
246 509 294 474
231 508 275 475
215 505 255 472